0.000000021865625

[0.17873984107451144]
[0.11683468868702825]
[0.02440818630751645]
[0.02444140836099443]
[0.04421676021045529]
[0.029037204325412867]
[0.02540977556723435]
[0.02881525604314841]


[0.17181010243813352]
[0.11017850397523664]
[0.028583581396168223]
[0.027549925208740673]
[0.05145982577224083]
[0.03498745775450036]
[0.026022454423820184]
[0.03611872300734612]

[0.6105345545127966]
[0.5999848407027637]
[0.5719134900574551]
[0.5713790823724103]
[0.5828366058021407]
[0.5756674383486867]
[0.570054662872972]
[0.5770385043542291]

[0.17040602516176814]
[0.13182709482334135]
[0.02177432632341402]
[0.021730958103534502]
[0.052745296595264037]
[0.022524399382652525]
[0.021655205791727448]
[0.022960094235716936]

[0.9824748724021672]
[0.9057641355933522]
[0.8380489185874835]
[0.9512208849126715]
[0.9234327604040261]
[0.8178624576006349]
[0.9874164836844365]
[0.6400961269050557]

1.6333135567821004 s
0.1064575678187133 s
28.917253950441317 s
53.870725705583794 s
155.89737765932972 s
64.19831417185017 s
155.7524881854335 s
104.4515125920585 s